1088886
171357
0
806108
132527
340554
415597
394281
1145030
337634
1016254
486688
785006
495903
1153009
517109
109923
272999
178150
95394
502449
599777
219484
1130564
653571
799783
595922
609301
312770
733324
578004
633863
757607
405349
380564
828435
783244
1003086
281943
1080823
744979
541161
1147086
343
647700
20379
127721
900219
958292
1098994
990334
667883
920562
189079
1025320
1070429
300925
727362
1080405
346112
860818
234980
237618
827903
373440
83008
82591
726654
780226
1031917
468747
670383
427607
831676
331265
611418
996744
76855
1008242
881362
384835
689873
341398
717732
627448
627874
29709
588113
1017520
499094
1131697
274571
111012
397547
658256
718730
950676
870251
495914
115491
845830
877693
61941
393472
355718
1087713
1013935
340038
721887
1089789
422051
894340
153830
288657
110670
862667
797003
707001
637966
75704
230910
729676
1146723
1060855
729307
331317
712956
690550
330618
920875
967214
145580
375319
307814
100335
892496
147828
543697
504032
138293
1075795
485979
672384
879379
383976
1013657
1071619
621296
661457
983593
328039
1024897
764331
507186
569957
9857
1153000
933187
136904
317247
703315
604662
720117
440618
112515
571980
985517
179371
51000
500800
400483
992596
436835
617416
494365
245009
1045406
580541
191745
940917
980990
655259
3005
498724
1044033
709673
248719
785961
189693
649568
259991
999711
372171
374664
529838
514399
476925
249264
42070
763060
993424
1019128
875856
583859
556986
23137
